9.555e-06
6.1673e-05
0.0101631
0.0201903
0.0301731
0.0401457
0.0501784
0.0601643
0.0701545
0.0801434
0.0901871
0.100123
0.110176
0.120177
0.130174
0.140143
0.150178
0.160176
0.17018
0.180194
0.190176
0.200128
0.210146
0.220122
0.230147
0.240189
0.250147
0.26014
0.270123
0.28014
0.29023
0.300172
0.310155
0.320176
0.33014
0.340165
0.350147
0.360142
0.37015
0.380157
0.390171
0.40014
0.410175
0.420179
0.430175
0.44018
0.450154
0.460179
0.470186
0.480159
0.490152
0.500123
0.510123
0.52012
0.530147
0.540172
0.550178
0.560131
0.570126
0.580123
0.590122
0.600123
0.610146
0.620175
0.630158
0.640151
0.650153
0.660147
0.67015
0.680147
0.690142
0.700138
0.710176
0.720185
0.730155
0.740142
0.750142
0.760189
0.770141
0.780143
0.790159
0.800145
0.810123
0.820198
0.830198
0.840119
0.85015
0.860148
0.87015
0.880149
0.890171
0.900137
0.910148
0.920145
0.930139
0.940133
0.950144
0.960148
0.970139
0.980181
0.990158
1.00015
1.01016
1.02018
1.03019
1.04019
1.05017
1.06015
1.07018
1.0802
1.09018
1.1002
1.11015
1.12018
1.13018
1.14013
1.15019
1.16014
1.17018
1.18018
1.19017
1.20017
1.21018
1.22018
1.23014
1.24017
1.25018
1.26019
1.27019
1.28017
1.29018
1.30017
1.31018
1.32015
1.3302
1.34018
1.35018
1.36018
1.37018
1.38015
1.39015
1.40014
1.41017
1.42016
1.43018
1.44017
1.45017
1.46017
1.47014
1.48018
1.49017
1.50017
1.51017
1.52019
1.53018
1.54015
1.5502
1.56014
1.57016
1.58019
1.59014
1.60017
1.61017
1.62018
1.63018
1.64018
1.65015
1.66018
1.67018
1.68018
1.69016
1.70013
1.71015
1.72021
1.73014
1.74012
1.75012
1.76015
1.77014
1.78015
1.79018
1.80014
1.81018
1.82014
1.83019
1.84017
1.85018
1.86015
1.87013
1.88015
1.89017
1.90019
1.91015
1.92018
1.93018
1.94015
1.95018
1.96016
1.97013
1.98013
1.9902
2.00017
2.0102
2.02015
2.03015
2.04017
2.05016
2.06018
2.07019
2.08019
2.09017
2.10018
2.11018
2.12018
2.13018
2.14018
2.15014
2.16018
2.17015
2.18015
2.19015
2.20014
2.21017
2.22014
2.23017
2.24013
2.25015
2.26017
2.27014
2.28019
2.29019
2.30017
2.31017
2.32018
2.33017
2.34019
2.35015
2.36014
2.37019
2.38016
2.39018
2.40018
2.41015
2.42018
2.43017
2.44017
2.45017
2.46017
2.47014
2.48019
2.49014
2.50016
2.51013
2.52018
2.53015
2.54018
2.55017
2.56017
2.57015
2.58015
2.59018
2.60017
2.61018
2.62018
2.63018
2.64015
2.65015
2.66018
2.67015
2.68014
2.69018
2.70018
2.71018
2.72018
2.73018
2.7402
2.75018
2.76019
2.77014
2.78016
2.79018
2.80018
2.81018
2.82018
2.83018
2.84018
2.85018
2.86028
2.87018
2.88015
2.89018
2.90019
2.91018
2.92019
2.93019
2.94016
2.95018
2.96017
2.97017
2.98015
2.99018
3.00018
3.01017
3.02018
3.03015
3.04014
3.05015
3.06018
3.07018
3.08018
3.09016
3.10017
3.11014
3.12018
3.13014
3.14014
3.15019
3.16017
3.17019
3.1802
3.19019
3.20018
3.21018
3.22018
3.23017
3.24018
3.25018
3.26018
3.27014
3.28015
3.29019
3.30018
3.31016
3.32018
3.33013
3.34018
3.35017
3.36017
3.37019
3.38018
3.39014
3.4002
3.41018
3.42018
3.43018
3.44014
3.45019
3.46017
3.47017
3.48017
3.49018
3.50017
3.51018
3.52018
3.53018
3.54014
3.55014
3.56018
3.57015
3.58015
3.59015
3.60018
3.61015
3.62017
3.63019
3.64017
3.65014
3.66015
3.67019
3.6802
3.69015
3.70018
3.71019
3.72019
3.73018
3.74017
3.75018
3.7602
3.77017
3.78018
3.79017
3.80019
3.81018
3.82017
3.83017
3.84017
3.8502
3.86017
3.87017
3.88017
3.89018
3.90015
3.91015
3.92018
3.93014
3.94017
3.9502
3.96018
3.97018
3.98018
3.99018
4.00018
4.01018
4.02018
4.03015
4.04017
4.05018
4.06017
4.07015
4.08019
4.09018
4.10019
4.11016
4.12014
4.13013
4.14015
4.15016
4.16018
4.17015
4.18018
4.19017
4.20015
4.21018
4.22018
4.23017
4.24017
4.25018
4.26017
4.27018
4.28018
4.29018
4.30019
4.31015
4.32018
4.33019
4.34018
4.35018
4.36016
4.37017
4.38014
4.39017
4.40018
4.41018
4.42018
4.43017
4.44015
4.45018
4.46018
4.47018
4.48015
4.49017
4.50017
4.51019
4.52019
4.53017
4.54017
4.55015
4.56015
4.57015
4.5802
4.59018
4.60016
4.61017
4.62024
4.63017
4.64017
4.65018
4.66016
4.67014
4.6802
4.69018
4.70017
4.71018
4.72018
4.73017
4.74017
4.7502
4.76016
4.7702
4.7802
4.79018
4.80017
4.81015
4.82014
4.83014
4.84017
4.85018
4.86017
4.87015
4.88018
4.89019
4.90015
4.91018
4.92018
4.93017
4.94014
4.95018
4.96018
4.97019
4.98018
4.99018
5.00018
5.01018
5.02018
5.03017
5.04017
5.05018
5.06018
5.07019
5.08016
5.09017
5.10012
5.11018
5.12018
5.13018
5.14019
5.15017
5.16011
5.17018
5.18018
5.19017
5.20017
5.21014
5.22014
5.23015
5.24013
5.25015
5.26018
5.27018
5.2802
5.29018
5.30017
5.31015
5.32015
5.33018
5.34018
5.35018
5.36017
5.37019
5.38015
5.39014
5.40017
5.41017
5.42015
5.43018
5.44017
5.45018
5.46018
5.47015
5.48018
5.49018
5.50017
5.51017
5.52018
5.53018
5.54017
5.55018
5.56018
5.57015
5.58016
5.59018
5.60017
5.61021
5.62017
5.63017
5.64017
5.65018
5.66018
5.67018
5.68014
5.69017
5.70017
5.71017
5.72019
5.73018
5.74019
5.75018
5.76018
5.77018
5.7802
5.79017
5.80014
5.81018
5.82018
5.83019
5.84018
5.85018
5.86017
5.87018
5.88019
5.89017
5.90017
5.91017
5.92017
5.93017
5.94018
5.95018
5.96017
5.97017
5.98018
5.99014
6.00018
6.01017
6.02018
6.03018
6.04017
6.05018
6.06014
6.07019
6.08015
6.09018
6.10017
6.11015
6.12015
6.13022
6.14018
6.15018
6.16017
6.17017
6.1802
6.19017
6.20017
6.21017
6.22017
6.23014
6.24014
6.25014
6.26018
6.27018
6.28016
6.29018
6.30018
6.31016
6.32013
6.33013
6.34017
6.35017
6.36017
6.37017
6.38015
6.39017
6.40017
6.41015
6.42018
6.43018
6.44019
6.45018
6.46018
6.47017
6.48015
6.49014
6.50018
6.51017
6.52018
6.53018
6.54017
6.55018
6.56018
6.57018
6.58015
6.59019
6.60019
6.61018
6.62018
6.63015
6.64019
6.65018
6.66017
6.67018
6.6802
6.69017
6.70018
6.71018
6.72018
6.73019
6.74018
6.75018
6.76014
6.77017
6.78018
6.7902
6.80018
6.81015
6.82015
6.83017
6.84017
6.85018
6.8602
6.87019
6.88016
6.89018
6.90015
6.91018
6.92015
6.93017
6.94017
6.95018
6.96018
6.97015
6.98015
6.99019
7.00018
7.01018
7.02018
7.03017
7.04017
7.05019
7.06018
7.07014
7.08015
7.09019
7.10018
7.11017
7.12018
7.13019
7.14017
7.15018
7.16017
7.17019
7.18019
7.19014
7.2002
7.21018
7.22018
7.23017
7.24018
7.25018
7.26017
7.27017
7.2802
7.29018
7.30018
7.31015
7.32018
7.33017
7.34015
7.35018
7.36018
7.37019
7.38017
7.39017
7.40018
7.41018
7.42018
7.43017
7.44015
7.45018
7.46017
7.47019
7.4802
7.49018
7.50018
7.51018
7.52018
7.53017
7.54017
7.55018
7.56017
7.57019
7.58019
7.59019
7.60018
7.61017
7.62014
7.63018
7.64017
7.65017
7.66022
7.67019
7.68018
7.69018
7.7002
7.71018
7.72018
7.73017
7.74017
7.75018
7.76018
7.77017
7.78014
7.7902
7.80015
7.81017
7.82014
7.83017
7.84017
7.85018
7.86018
7.87015
7.88015
7.89014
7.90015
7.91018
7.92018
7.93014
7.94017
7.95018
7.96015
7.97019
7.98018
7.99017
8.00017
8.01017
8.02018
8.03017
8.04019
8.05018
8.0602
8.07019
8.08014
8.09018
8.10017
8.11018
8.12018
8.13017
8.14017
8.15015
8.16017
8.17019
8.18017
8.19016
8.20015
8.21017
8.22018
8.23015
8.24018
8.25018
8.26017
8.27015
8.28015
8.29014
8.30017
8.31018
8.32018
8.33015
8.34017
8.35015
8.36018
8.3702
8.38016
8.39018
8.40017
8.41019
8.42019
8.43017
8.44017
8.45017
8.46015
8.47017
8.48019
8.49018
8.50018
8.51017
8.52016
8.53017
8.54016
8.55018
8.56015
8.57018
8.58016
8.59017
8.60017
8.61017
8.62018
8.63017
8.64017
8.65018
8.66018
8.67017
8.68017
8.69017
8.70017
8.71017
8.72017
8.73014
8.74017
8.75017
8.76018
8.77018
8.78018
8.79017
8.80014
8.81018
8.82014
8.83018
8.84017
8.85018
8.86018
8.8702
8.88016
8.89015
8.90017
8.91014
8.92014
8.93014
8.94016
8.95015
8.96014
8.97014
8.98023
8.99022
9.0001
9.01014
9.02017
9.03017
9.04018
9.05018
9.06014
9.07018
9.08018
9.09018
9.10017
9.11018
9.12018
9.13014
9.14018
9.15018
9.16017
9.17019
9.18015
9.19019
9.20017
9.21013
9.22015
9.23018
9.24019
9.25018
9.26019
9.27018
9.28018
9.29018
9.30017
9.31017
9.32015
9.3302
9.34017
9.35018
9.36017
9.37015
9.38021
9.39017
9.40017
9.41015
9.42018
9.43014
9.44017
9.45018
9.46017
9.47015
9.48018
9.49018
9.50017
9.51017
9.52018
9.53018
9.54018
9.55018
9.56017
9.57015
9.5802
9.59019
9.60018
9.61015
9.62018
9.63018
9.64019
9.65018
9.66017
9.67017
9.68018
9.69014
9.70017
9.71018
9.72019
9.73017
9.74015
9.75018
9.76017
9.77017
9.78019
9.79018
9.80018
9.81017
9.82018
9.83018
9.84016
9.85018
9.86017
9.87016
9.88019
9.89018
9.90019
9.91018
9.92018
9.93019
9.94018
9.95015
9.96017
9.97014
9.98016
9.99018
10.0001
10.0102
10.0202
10.0301
10.0402
10.0501
10.0602
10.0702
10.0802
10.0902
10.1002
10.1102
10.1202
10.1302
10.1402
10.1502
10.1602
10.1702
10.1802
10.1902
10.2001
10.2102
10.2202
10.2301
10.2402
10.2501
10.2602
10.2702
10.2802
10.2902
10.3002
10.3102
10.3202
10.3302
10.3401
10.3502
10.3601
10.3702
10.3802
10.3902
10.4002
10.4102
10.4202
10.4302
10.4402
10.4501
10.4601
10.4701
10.4802
10.4902
10.5002
10.5101
10.5201
10.5302
10.5401
10.5501
10.5602
10.5702
10.5802
10.5902
10.6001
10.6101
10.6202
10.6302
10.6402
10.6502
10.6602
10.6702
10.6802
10.6902
10.7001
10.7102
10.7202
10.7302
10.7401
10.7502
10.7602
10.7702
10.7802
10.7902
10.8002
10.8102
10.8202
10.8302
10.8402
10.8502
10.8602
10.8701
10.8802
10.8902
10.9002
10.9102
10.9202
10.9302
10.9402
10.9502
10.9602
10.9702
10.9802
10.9902
11.0002
11.0102
11.0201
11.0302
11.0402
11.0501
11.0601
11.0701
11.0802
11.0902
11.1002
11.1102
11.1202
11.1302
11.1402
11.1501
11.1602
11.1701
11.1802
11.1902
11.2002
11.2102
11.2202
11.2302
11.2402
11.2501
11.2602
11.2702
11.2802
11.2902
11.3002
11.3102
11.3202
11.3302
11.3402
11.3502
11.3602
11.3702
11.3802
11.3902
11.4002
11.4101
11.4202
11.4302
11.4402
11.4502
11.4602
11.4701
11.4802
11.4902
11.5002
11.5101
11.5202
11.5301
11.5402
11.5502
11.5602
11.5702
11.5802
11.5902
11.6002
11.6102
11.6201
11.6301
11.6402
11.6502
11.6602
11.6702
11.6802
11.6902
11.7002
11.7102
11.7202
11.7302
11.7402
11.7502
11.7601
11.7702
11.7802
11.7902
11.8002
11.8102
11.8202
11.8302
11.8401
11.8502
11.8602
11.8702
11.8802
11.8902
11.9002
11.9101
11.9202
11.9302
11.9402
11.9502
11.9602
11.9702
11.9802
11.9902
12.0002
12.0102
12.0202
12.0302
12.0402
12.0502
12.0601
12.0701
12.0801
12.0901
12.1002
12.1102
12.1202
12.1302
12.1401
12.1502
12.1602
12.1702
12.1802
12.1902
12.2002
12.2102
12.2202
12.2302
12.2402
12.2502
12.2601
12.2702
12.2802
12.2902
12.3002
12.3102
12.3202
12.3302
12.3402
12.3502
12.3601
12.3702
12.3802
12.3902
12.4002
12.4102
12.4202
12.4302
12.4401
12.4502
12.4601
12.4702
12.4802
12.4902
12.5002
12.5102
12.5202
12.5302
12.5402
12.5502
12.5602
12.5702
12.5802
12.5902
12.6002
12.6102
12.6202
12.6302
12.6402
12.6502
12.6602
12.6702
12.6802
12.6902
12.7001
12.7102
12.7201
12.7302
12.7402
12.7502
12.7602
12.7702
12.7802
12.7902
12.8002
12.8102
12.8202
12.8302
12.8402
12.8502
12.8602
12.8702
12.8802
12.8902
12.9002
12.9102
12.9202
12.9302
12.9402
12.9502
12.9602
12.9702
12.9802
12.9902
13.0002
13.0102
13.0202
13.0302
13.0401
13.0502
13.0602
13.0702
13.0802
13.0902
13.1002
13.1102
13.1202
13.1302
13.1402
13.1502
13.1602
13.1702
13.1802
13.1902
13.2002
13.2101
13.2201
13.2302
13.2402
13.2502
13.2601
13.2702
13.2802
13.2902
13.3002
13.3102
13.3202
13.3302
13.3401
13.3501
13.3601
13.3702
13.3801
13.3902
13.4002
13.4102
13.4202
13.4302
13.4402
13.4502
13.4602
13.4701
13.4802
13.4902
13.5002
13.5101
13.5202
13.5302
13.5402
13.5502
13.5601
13.5701
13.5802
13.5902
13.6002
13.6101
13.6201
13.6302
13.6401
13.6502
13.6602
13.6701
13.6802
13.6902
13.7002
13.7102
13.7202
13.7302
13.7402
13.7502
13.7602
13.7702
13.7801
13.7902
13.8002
13.8102
13.8202
13.8301
13.8402
13.8502
13.8602
13.8702
13.8802
13.8902
13.9001
13.9102
13.9202
13.9302
13.9402
13.9502
13.9602
13.9702
13.9801
13.9902
14.0002
14.0102
14.0202
14.0302
14.0402
14.0502
14.0601
14.0702
14.0802
14.0902
14.1002
14.1102
14.1202
14.1302
14.1402
14.1502
14.1602
14.1701
14.1802
14.1902
14.2002
14.2102
14.2202
14.2302
14.2401
14.2502
14.2602
14.2701
14.2802
14.2902
14.3002
14.3102
14.3202
14.3302
14.3401
14.3502
14.3602
14.3702
14.3802
14.3902
14.4002
14.4102
14.4202
14.4302
14.4402
14.4502
14.4602
14.4702
14.4802
14.4901
14.5001
14.5102
14.5202
14.5302
14.5401
14.5502
14.5602
14.5701
14.5802
14.5901
14.6002
14.6102
14.6202
14.6302
14.6402
14.6502
14.6602
14.6702
14.6802
14.6902
14.7002
14.7102
14.7202
14.7302
14.7402
