2.9099e-05
0.010105
0.0201379
0.0301372
0.0401071
0.0501359
0.0601377
0.0701489
0.0801337
0.0901349
0.100133
0.110138
0.120136
0.130153
0.140134
0.150138
0.160136
0.170136
0.180132
0.190137
0.20012
0.210132
0.220133
0.230138
0.240136
0.250107
0.260113
0.270133
0.280141
0.290115
0.300137
0.310137
0.320114
0.330103
0.340098
0.350079
0.360096
0.370089
0.380088
0.390131
0.400132
0.410137
0.420136
0.430135
0.440113
0.450136
0.460104
0.470094
0.480134
0.490107
0.500097
0.510114
0.520096
0.530102
0.540092
0.550096
0.560111
0.570133
0.580134
0.590131
0.600136
0.610114
0.620136
0.630103
0.640137
0.650108
0.660112
0.670142
0.680135
0.690134
0.700134
0.710137
0.720115
0.730109
0.740097
0.750156
0.760133
0.770114
0.780135
0.790134
0.800134
0.810138
0.820134
0.830106
0.840134
0.85014
0.860133
0.870134
0.880134
0.890133
0.900147
0.910136
0.920136
0.930136
0.940137
0.950135
0.960135
0.970135
0.980135
0.990141
1.0001
1.01011
1.02014
1.03014
1.04014
1.05011
1.06014
1.0701
1.08014
1.0901
1.10014
1.1101
1.12013
1.13013
1.1401
1.15014
1.1601
1.17014
1.18013
1.19012
1.20011
1.2101
1.22011
1.2301
1.24013
1.25011
1.26014
1.27014
1.28011
1.29014
1.30014
1.31012
1.32014
1.3301
1.3401
1.35014
1.36014
1.37013
1.38014
1.39014
1.40014
1.41011
1.42011
1.43011
1.44014
1.45011
1.4601
1.4701
1.48014
1.49014
1.50014
1.51014
1.52014
1.5301
1.54011
1.55011
1.56014
1.57011
1.58014
1.59014
1.60014
1.61014
1.62014
1.63011
1.64015
1.65014
1.66014
1.67014
1.68014
1.69014
1.70014
1.71014
1.72013
1.73014
1.74014
1.75014
1.76014
1.77014
1.78011
1.79014
1.80013
1.81014
1.82014
1.83015
1.84014
1.85015
1.86012
1.87011
1.88015
1.89015
1.90015
1.91014
1.92013
1.93014
1.94014
1.95014
1.96014
1.97014
1.98014
1.99015
2.00013
2.01014
2.02014
2.03014
2.04015
2.05014
2.06014
2.07014
2.08014
2.09014
2.10014
2.11014
2.12014
2.13014
2.14014
2.15014
2.16014
2.17014
2.18014
2.19014
2.20011
2.21014
2.22014
2.23014
2.24014
2.25014
2.26014
2.27011
2.28014
2.29013
2.30014
2.31014
2.32013
2.33014
2.34011
2.35014
2.36014
2.37011
2.3801
2.39009
2.40011
2.41014
2.42012
2.43014
2.44014
2.45014
2.46013
2.47014
2.48014
2.49013
2.50014
2.5101
2.52014
2.53012
2.54014
2.55014
2.56014
2.57014
2.58014
2.59014
2.60011
2.61011
2.62014
2.63014
2.64014
2.65014
2.66011
2.67014
2.68014
2.69011
2.70014
2.71013
2.72014
2.73015
2.74014
2.75014
2.76014
2.77014
2.78014
2.79014
2.80014
2.81013
2.82014
2.83013
2.84013
2.85014
2.86014
2.87014
2.88014
2.89014
2.90014
2.91014
2.92014
2.93014
2.94014
2.95015
2.96014
2.97011
2.98014
2.9901
3.00009
3.01011
3.02013
3.03011
3.04014
3.05011
3.06009
3.07009
3.08014
3.09013
3.1001
3.11013
3.12013
3.13014
3.14014
3.15013
3.16014
3.17014
3.18014
3.19011
3.20015
3.21014
3.22014
3.2301
3.24013
3.25014
3.26013
3.27014
3.28014
3.29014
3.30014
3.31013
3.32013
3.33015
3.34013
3.35014
3.36013
3.37013
3.38014
3.39013
3.4001
3.41007
3.42014
3.43011
3.4401
3.45013
3.46015
3.47014
3.48014
3.49013
3.50014
3.51014
3.52014
3.53014
3.54014
3.55014
3.5601
3.57013
3.58013
3.59014
3.60014
3.61014
3.62014
3.63014
3.64014
3.65014
3.66014
3.67014
3.68014
3.69014
3.70014
3.71014
3.72014
3.73012
3.74014
3.75014
3.76014
3.77012
3.78013
3.79013
3.8001
3.81014
3.82014
3.83014
3.84014
3.85014
3.86014
3.87014
3.88014
3.89014
3.90014
3.91014
3.92014
3.93011
3.94014
3.95014
3.96013
3.97015
3.98014
3.99013
4.00014
4.01013
4.02014
4.03011
4.04014
4.05014
4.06014
4.07014
4.08014
4.09013
4.1001
4.11013
4.12014
4.13014
4.14014
4.15014
4.16014
4.17014
4.18014
4.19014
4.20014
4.21013
4.22013
4.23014
4.24014
4.25014
4.26014
4.27014
4.28011
4.29014
4.30014
4.31013
4.32014
4.33013
4.34014
4.35015
4.36014
4.37014
4.38014
4.39013
4.40014
4.41013
4.42014
4.43014
4.44014
4.45014
4.46014
4.47013
4.48025
4.49014
4.5001
4.51014
4.52014
4.53014
4.54014
4.55015
4.56015
4.57013
4.58013
4.59013
4.60013
4.61011
4.62013
4.63013
4.6401
4.65012
4.66015
4.67014
4.6801
4.69015
4.70014
4.71014
4.72014
4.73011
4.74014
4.75013
4.76013
4.77014
4.78013
4.79014
4.80014
4.81014
4.82014
4.83014
4.8401
4.85013
4.86013
4.87014
4.88013
4.89013
4.90011
4.91013
4.9201
4.93014
4.94013
4.95013
4.96011
4.97008
4.98015
4.99011
5.00014
5.01014
5.02014
5.03013
5.04014
5.05013
5.06014
5.07013
5.08013
5.09014
5.10013
5.11013
5.12014
5.13014
5.14014
5.15015
5.16014
5.17014
5.18014
5.19014
5.20013
5.21013
5.22014
5.23011
5.24011
5.25011
5.26015
5.2701
5.28011
5.29011
5.30014
5.31014
5.32013
5.3301
5.34013
5.35013
5.36014
5.3701
5.38014
5.39013
5.40013
5.41013
5.42013
5.43013
5.44013
5.45013
5.46013
5.47014
5.48016
5.4901
5.50017
5.51014
5.52014
5.53014
5.54014
5.55012
5.56014
5.57014
5.58014
5.59017
5.60012
5.61013
5.6201
5.63013
5.64014
5.65014
5.66014
5.67012
5.68676
5.6901
5.7001
5.7101
5.72012
5.73012
5.74012
5.75013
5.76014
5.77014
5.78014
